-4.861491666666666767e+00
-4.872127777777778057e+00
-4.900722222222221980e+00
-4.920936111111110733e+00
-4.926794444444444920e+00
-5.035986111111110830e+00
-5.077791666666666259e+00
-5.113711111111110874e+00
-5.186111111111110894e+00
-5.463088888888888661e+00
-5.464672222222222153e+00
-5.478250000000000064e+00
-5.483461111111110675e+00
-5.499277777777777487e+00
-5.516074999999999839e+00
-5.560655555555555907e+00
-5.603786111111110912e+00
-5.617924999999999613e+00
-5.765777777777778113e+00
-5.879994444444444746e+00
-5.956147222222222481e+00
-5.988191666666666357e+00
-6.073491666666666511e+00
-6.087269444444444844e+00
-6.256163888888888636e+00
-6.259574999999999889e+00
-6.331127777777777688e+00
-6.401941666666666642e+00
-6.468338888888888860e+00
-6.469377777777777894e+00
-6.497411111111111026e+00
-6.542849999999999611e+00
-6.548705555555555335e+00
-6.583447222222222450e+00
-6.626938888888888712e+00
-6.636463888888888718e+00
-6.638944444444444315e+00
-6.645236111111111121e+00
-6.704869444444444326e+00
-6.707424999999999748e+00
-6.712019444444444538e+00
-6.764444444444444926e+00
