8.370416666666666572e+01
8.361403333333332455e+01
8.364125833333332594e+01
8.384977083333332359e+01
8.369094583333333048e+01
8.385322499999999479e+01
8.372706666666667275e+01
8.388441250000001048e+01
8.352124999999999488e+01
8.392916666666666003e+01
8.378902499999999520e+01
8.416617499999999552e+01
8.360070416666667370e+01
8.375292083333333437e+01
8.372104166666666458e+01
8.410445416666667029e+01
8.350708750000001146e+01
8.362621666666666442e+01
8.384960833333333596e+01
8.382597083333332932e+01
8.364339583333334360e+01
8.375055416666667440e+01
8.403416666666666401e+01
8.390000000000000568e+01
8.381552500000000805e+01
8.405304999999999893e+01
8.399124999999999375e+01
8.404264166666666824e+01
8.420650833333333196e+01
8.412042916666666770e+01
8.391676666666666051e+01
8.399148749999999097e+01
8.422620833333334645e+01
8.410179583333332687e+01
8.404450833333334003e+01
8.416839166666666472e+01
8.427697500000000730e+01
8.394874166666666326e+01
8.408933749999999918e+01
8.409631666666666661e+01
8.401832916666666051e+01
8.459999999999999432e+01
